---
running_script_first_time: 1
time_back_days_start: 365
seconds_for_day_switching: 15
days_passed_after_session: 6615
closing_bugmtime: 2018-10-24 00:28:54.893351038 -07:00
closing_timestamp: 2018-09-28 12:28:54.893519034 -07:00
