---
running_script_first_time: 1
time_back_days_start: 365
seconds_for_day_switching: 15
days_passed_after_session: 6860
closing_bugmtime: 2019-08-02 00:36:47.809103146 -07:00
closing_timestamp: 2018-11-05 15:36:47.809239250 -08:00
