---
running_script_first_time: 1
time_back_days_start: 365
seconds_for_day_switching: 15
days_passed_after_session: 7729
closing_bugmtime: 2021-12-20 00:27:34.947216014 -08:00
closing_timestamp: 2018-11-12 14:27:34.947375958 -08:00
