---
running_script_first_time: 1
time_back_days_start: 365
seconds_for_day_switching: 15
days_passed_after_session: 7923
closing_bugmtime: 2019-03-10 23:11:09.889518894 -07:00
closing_timestamp: 2018-11-13 15:11:09.889663559 -08:00
