---
running_script_first_time: 1
time_back_days_start: 365
seconds_for_day_switching: 15
days_passed_after_session: 6964
closing_bugmtime: 2019-11-15 00:40:51.797097449 -08:00
closing_timestamp: 2018-11-08 13:40:51.797208884 -08:00
