---
running_script_first_time: 1
time_back_days_start: 365
seconds_for_day_switching: 15
days_passed_after_session: 6837
closing_bugmtime: 2019-07-08 00:58:59.075066755 -07:00
closing_timestamp: 2018-11-03 08:58:59.075211278 -07:00
