---
running_script_first_time: 1
time_back_days_start: 365
seconds_for_day_switching: 10
days_passed_after_session: 365
closing_bugmtime: 2017-08-11 00:33:21.632342845 -07:00
closing_timestamp: 2018-08-10 14:33:21.632467495 -07:00
