---
running_script_first_time: 1
time_back_days_start: 365
seconds_for_day_switching: 15
days_passed_after_session: 6798
closing_bugmtime: 2019-05-30 00:32:41.049576637 -07:00
closing_timestamp: 2018-11-03 08:32:41.049821794 -07:00
