---
running_script_first_time: 1
time_back_days_start: 365
seconds_for_day_switching: 15
days_passed_after_session: 6007
closing_bugmtime: 2018-09-17 00:22:49.865200644 -07:00
closing_timestamp: 2018-09-13 12:22:49.865392255 -07:00
