---
running_script_first_time: 1
time_back_days_start: 365
seconds_for_day_switching: 10
days_passed_after_session: 365
closing_bugmtime: 2017-08-02 00:42:52.200769017 -07:00
closing_timestamp: 2018-08-01 13:42:52.200877986 -07:00
