---
running_script_first_time: 1
time_back_days_start: 365
seconds_for_day_switching: 15
days_passed_after_session: 6873
closing_bugmtime: 2019-08-15 00:17:09.160316961 -07:00
closing_timestamp: 2018-11-06 15:17:09.160560165 -08:00
