---
running_script_first_time: 1
time_back_days_start: 365
seconds_for_day_switching: 30
days_passed_after_session: 49
closing_bugmtime: 2017-09-20 00:40:00.853387102 -07:00
closing_timestamp: 2018-08-14 16:40:00.853523089 -07:00
