---
running_script_first_time: 1
time_back_days_start: 365
seconds_for_day_switching: 15
days_passed_after_session: 6276
closing_bugmtime: 2018-10-19 00:21:25.860702976 -07:00
closing_timestamp: 2018-09-13 16:21:25.860913220 -07:00
