---
running_script_first_time: 0
time_back_days_start: 365
seconds_for_day_switching: 10
days_passed_after_session: 0
closing_bugmtime: 2018-07-22 00:27:59.049585823 -07:00
closing_timestamp: 2018-07-20 15:27:59.049719133 -07:00
