---
running_script_first_time: 1
time_back_days_start: 365
seconds_for_day_switching: 15
days_passed_after_session: 6731
closing_bugmtime: 2019-02-20 00:17:01.949836234 -08:00
closing_timestamp: 2018-10-01 16:17:01.950065661 -07:00
